"spp"	"ID"	"palindrome"	"obs"	"markov3"	"genomesize"	"A"	"Th"	"C"	"G"	"N"	"pval"	"fdrs"	"frecObs"	"OE"	"GC"
Nostoc_azollae_0708_0708	GCF_000196515.1	GCGATCGC	1117	16.4355616289274	5486145	1691228	1689682	1051384	1053851	0	0	0	0.203603805586619	67.9623870007598	0.383736667550712
Acaryochloris_marina_MBIC11017_MBIC11017	GCF_000018105.1	GCGATCGC	2382	148.037957981136	8361599	2219899	2215436	1969435	1956828	1	0	0	0.284873742450457	16.0904678265255	0.469558928807627
Acaryochloris_marina_S15_S15	GCF_018336915.1	GCGATCGC	2134	123.615107596381	7112772	1897520	1887737	1665606	1661909	0	0	0	0.30002367572024	17.2632620841765	0.467822531075086
Acaryochloris_sp_Moss_Beach_Moss_Beach	GCF_021497025.1	GCGATCGC	2119	122.83358241776	7254703	1934225	1930862	1697104	1692512	0	0	0	0.292086388650231	17.2509826571142	0.467230154011818
Allocoleopsis_franciscana_PCC_7113_PCC_7113	GCF_000317515.1	GCGATCGC	5745	168.463386712298	7966510	2140709	2144210	1842846	1838745	0	0	0	0.721143888603667	34.1023655769863	0.462133481286034
Anabaena_cylindrica_PCC_7122_PCC_7122	GCF_000317695.1	GCGATCGC	3714	43.0170138855004	7063285	2165259	2158136	1369757	1370133	0	0	0	0.525817661328971	86.3379315422882	0.387905910635066
Anabaena_cylindrica_PCC_7122_NIES-19	GCF_002367955.1	GCGATCGC	3706	43.0274411485853	7025636	2140686	2153776	1359800	1361688	9686	0	0	0.527496727698389	86.1310805632663	0.387900141819711
Anabaena_sp_90_90	GCF_000312705.1	GCGATCGC	2044	24.2186246152012	5305675	1645866	1638530	1009149	1012130	0	0	0	0.385247871383	84.3978562976302	0.38096547564636
Anabaena_sp_WA102_WA102	GCF_001277295.1	GCGATCGC	2560	27.2068929298175	5782034	1778374	1784685	1107963	1111012	0	0	0	0.442750769020037	94.0938021332954	0.383770659252436
Anabaena_sp_YBS01_YBS01	GCF_009498015.1	GCGATCGC	5673	89.8727855282724	7013200	2054623	2052785	1455723	1450069	0	0	0	0.808903211087663	63.1225566967141	0.414331831403639
Anabaenopsis_circularis_NIES-21_NIES-21	GCF_002367975.1	GCGATCGC	6350	103.775748105099	7069985	2092984	2104880	1423686	1428037	20398	0	0	0.898163150275425	61.189633569965	0.404523413924816
Anabaenopsis_elenkinii_CCIBt3563_CCIBt3563	GCF_015245355.1	GCGATCGC	3060	42.146921823894	4495168	1293018	1292077	934853	935688	39532	0	0	0.680730953770805	72.6031669118293	0.41981458988122
Brasilonema_sennae_CENA114_CENA114	GCF_006968745.1	GCGATCGC	3973	97.5596269753093	8226398	2363472	2364609	1749757	1744525	4035	0	0	0.482957425595017	40.7238129457537	0.424972967016903
Calothrix_brevissima_NIES-22_NIES-22	GCF_002367995.1	GCGATCGC	8813	230.113773908068	9257480	2744334	2761229	1874422	1875617	1878	0	0	0.951986933809201	38.2984462439039	0.405164245394303
Calothrix_parasitica_NIES-267_NIES-267	GCF_002368095.1	GCGATCGC	991	7.240162414797	9491741	2994698	2991204	1743232	1750637	11970	0	0	0.104406557237497	136.875382515543	0.368560485269106
Calothrix_sp_336-3_336-3	GCF_000734895.2	GCGATCGC	6202	65.3962860713054	6420126	1888622	1893029	1320097	1318378	0	0	0	0.96602465434479	94.8371898862514	0.410969348576648
Calothrix_sp_NIES-2098_NIES-2098	GCF_002368175.1	GCGATCGC	8717	269.746615999554	8878628	2607797	2614225	1829739	1826867	0	0	0	0.981795836023314	32.3155119766708	0.411843586644243
Calothrix_sp_NIES-2100_NIES-2100	GCF_002368195.1	GCGATCGC	9681	239.841446332605	9963103	2917620	2911681	2062817	2063640	7345	0	0	0.971685226981995	40.3641661940892	0.414479439938174
Calothrix_sp_NIES-3974_NIES-3974	GCF_002368395.1	GACATGTC	183	30.6504935326762	5985875	1752542	1747626	1241704	1244003	0	5.03209932562747e-78	1.25101259191339e-75	0.0305719715162779	5.97054007645605	0.415262096184768
Calothrix_sp_NIES-3974_NIES-3974	GCF_002368395.1	GCGATCGC	5328	56.0343627768626	5985875	1752542	1747626	1241704	1244003	0	0	0	0.890095432998517	95.0845112884912	0.415262096184768
Calothrix_sp_NIES-4071_NIES-4071	GCF_002368455.1	AGGCGCCT	1753	180.561073812573	12049274	3668719	3681220	2347242	2352093	0	0	0	0.145485943800431	9.70862635553253	0.390009804740103
Calothrix_sp_NIES-4071_NIES-4071	GCF_002368455.1	ACGCGCGT	722	155.288135082771	12049274	3668719	3681220	2347242	2352093	0	3.37745425772138e-238	1.1235990821436e-235	0.0599206226034863	4.64942153896795	0.390009804740103
Calothrix_sp_NIES-4071_NIES-4071	GCF_002368455.1	GGGCGCCC	326	79.3805200412657	12049274	3668719	3681220	2347242	2352093	0	3.68986677549653e-95	9.88712006333824e-93	0.0270555719788595	4.10680101151429	0.390009804740103
Calothrix_sp_NIES-4071_NIES-4071	GCF_002368455.1	GCAATTGC	787	333.334184142793	12049274	3668719	3681220	2347242	2352093	0	6.11787166072814e-99	1.68520445617753e-96	0.0653151384888417	2.36099397373198	0.390009804740103
Calothrix_sp_NIES-4071_NIES-4071	GCF_002368455.1	CGGCGCCG	1073	104.227878809743	12049274	3668719	3681220	2347242	2352093	0	0	0	0.0890510083844056	10.294750428133	0.390009804740103
Calothrix_sp_NIES-4071_NIES-4071	GCF_002368455.1	CGCGCGCG	745	322.494137098557	12049274	3668719	3681220	2347242	2352093	0	9.80420838523192e-90	2.56713690585784e-87	0.0618294513013813	2.31011951628851	0.390009804740103
Calothrix_sp_NIES-4071_NIES-4071	GCF_002368455.1	CCGCGCGG	306	84.761364715557	12049274	3668719	3681220	2347242	2352093	0	9.49944389857589e-77	2.32800606630438e-74	0.0253957209372117	3.61013536092626	0.390009804740103
Calothrix_sp_NIES-4071_NIES-4071	GCF_002368455.1	TATATATA	1153	479.201268158855	12049274	3668719	3681220	2347242	2352093	0	1.86086136168422e-149	5.85143181785488e-147	0.0956904125509968	2.40608712165966	0.390009804740103
Calothrix_sp_NIES-4071_NIES-4071	GCF_002368455.1	TGGCGCCA	2259	452.313168784214	12049274	3668719	3681220	2347242	2352093	0	0	0	0.187480175154121	4.99432728450519	0.390009804740103
Calothrix_sp_NIES-4105_NIES-4105	GCF_002368415.1	AGGCGCCT	1753	180.357737909689	12037678	3660884	3680233	2342629	2350324	3608	0	0	0.145626091676484	9.71957189260038	0.389972220537191
Calothrix_sp_NIES-4105_NIES-4105	GCF_002368415.1	ACGCGCGT	722	155.088004945229	12037678	3660884	3680233	2342629	2350324	3608	1.62545626637597e-238	5.43375826833568e-236	0.0599783446608225	4.65542128970568	0.389972220537191
Calothrix_sp_NIES-4105_NIES-4105	GCF_002368415.1	GGGCGCCC	326	79.0207031581252	12037678	3660884	3680233	2342629	2350324	3608	1.20068661024485e-95	3.25527884755518e-93	0.0270816348468534	4.12550112782032	0.389972220537191
Calothrix_sp_NIES-4105_NIES-4105	GCF_002368415.1	GCAATTGC	786	332.819634172371	12037678	3660884	3680233	2342629	2350324	3608	7.17363198138487e-99	1.9681473815382e-96	0.0652949846307569	2.3616395167147	0.389972220537191
Calothrix_sp_NIES-4105_NIES-4105	GCF_002368415.1	CGGCGCCG	1071	104.076811498919	12037678	3660884	3680233	2342629	2350324	3608	0	0	0.088970646996871	10.2904766640658	0.389972220537191
Calothrix_sp_NIES-4105_NIES-4105	GCF_002368415.1	CGCGCGCG	743	322.33936921415	12037678	3660884	3680233	2342629	2350324	3608	4.27730491323937e-89	1.11151820960497e-86	0.0617228671509572	2.30502405527256	0.389972220537191
Calothrix_sp_NIES-4105_NIES-4105	GCF_002368415.1	CCGCGCGG	305	84.4873844658825	12037678	3660884	3680233	2342629	2350324	3608	1.68021678081673e-76	4.08856708106583e-74	0.0253371123567186	3.6100064160841	0.389972220537191
Calothrix_sp_NIES-4105_NIES-4105	GCF_002368415.1	TATATATA	1151	479.054397094407	12037678	3660884	3680233	2342629	2350324	3608	8.76984134656956e-149	2.74511979313712e-146	0.095616446959289	2.40264990151666	0.389972220537191
Calothrix_sp_NIES-4105_NIES-4105	GCF_002368415.1	TGGCGCCA	2259	451.677717331282	12037678	3660884	3680233	2342629	2350324	3608	0	0	0.187660776438778	5.00135364956058	0.389972220537191
Calothrix_sp_PCC_6303_PCC_6303	GCF_000317435.1	GCGATCGC	4769	68.8415153162155	6960392	2095340	2095034	1387516	1382502	0	0	0	0.68516255980985	69.2750584889677	0.397968677626203
Calothrix_sp_PCC_7507_PCC_7507	GCF_000316575.1	GCGATCGC	6456	139.437919133794	7023215	2028932	2027174	1485649	1481460	0	0	0	0.919237130003852	46.3001745874114	0.422471617343339
Calothrix_sp_PCC_7716_PCC_7716	GCF_019977735.1	AGGCGCCT	2159	202.813830104805	12367066	3817922	3794023	2374478	2380643	0	0	0	0.174576572972118	10.6452306476552	0.384498716187008
Calothrix_sp_PCC_7716_PCC_7716	GCF_019977735.1	ACGCGCGT	540	100.561343978376	12367066	3817922	3794023	2374478	2380643	0	9.69308274746309e-206	3.19380119770956e-203	0.0436643582236886	5.36985663314241	0.384498716187008
Calothrix_sp_PCC_7716_PCC_7716	GCF_019977735.1	GGGCGCCC	300	85.4382947121373	12367066	3817922	3794023	2374478	2380643	0	1.11828592451696e-72	2.63731650362794e-70	0.0242579767909381	3.5113060368395	0.384498716187008
Calothrix_sp_PCC_7716_PCC_7716	GCF_019977735.1	GCAATTGC	794	327.8438899594	12367066	3817922	3794023	2374478	2380643	0	6.44167624079344e-105	1.7887080348629e-102	0.0642027785733496	2.421884391679	0.384498716187008
Calothrix_sp_PCC_7716_PCC_7716	GCF_019977735.1	CGGCGCCG	1130	109.999381208853	12367066	3817922	3794023	2374478	2380643	0	0	0	0.0913717125792003	10.2727850609859	0.384498716187008
Calothrix_sp_PCC_7716_PCC_7716	GCF_019977735.1	TATATATA	1129	487.273941227278	12367066	3817922	3794023	2374478	2380643	0	1.03440023935852e-135	3.19430215619665e-133	0.0912908526565638	2.31697183961127	0.384498716187008
Calothrix_sp_PCC_7716_PCC_7716	GCF_019977735.1	TGGCGCCA	2681	540.386219741158	12367066	3817922	3794023	2374478	2380643	0	0	0	0.21678545258835	4.9612664092067	0.384498716187008
Chamaesiphon_minutus_PCC_6605_PCC_6605	GCF_000317145.1	ACGATCGT	775	291.780602362289	6761765	1838722	1834836	1545099	1543008	100	2.6470267044919e-121	7.72393419398858e-119	0.114615045036318	2.65610528501728	0.456708074120797
Chamaesiphon_minutus_PCC_6605_PCC_6605	GCF_000317145.1	GATCGATC	2782	1777.96120152742	6761765	1838722	1834836	1545099	1543008	100	2.6237518364779e-107	7.40500190439403e-105	0.411431039085209	1.56471355933416	0.456708074120797
Chamaesiphon_minutus_PCC_6605_PCC_6605	GCF_000317145.1	GCGATCGC	3028	797.894355447948	6761765	1838722	1834836	1545099	1543008	100	0	0	0.447812072735447	3.79498862139467	0.456708074120797
Chamaesiphon_minutus_PCC_6605_PCC_6605	GCF_000317145.1	TCGATCGA	5068	1828.06849705535	6761765	1838722	1834836	1545099	1543008	100	0	0	0.749508449347175	2.77232500213396	0.456708074120797
Chondrocystis_sp_NIES-4102_NIES-4102	GCF_002368355.1	GCGATCGC	4604	99.6938607004862	5002520	1579848	1590642	915636	916394	0	0	0	0.920336150580108	46.1813793512517	0.366221424402101
Chroococcidiopsis_sp_CCMEE_29_CCMEE_29	GCF_023558375.1	GCGATCGC	5201	199.479912341939	6389872	1714554	1719084	1480112	1476022	100	0	0	0.813944316881465	26.0728007093	0.462635286517265
Chroococcidiopsis_sp_CCNUC1_CCNUC1	GCF_023546805.1	GCGATCGC	10384	674.518081043454	6955760	1923908	1934636	1549525	1547691	0	0	0	1.49286346854981	15.3946948077898	0.445273557454541
Chroococcidiopsis_sp_CCNUC1_CCNUC1	GCF_023546805.1	TACATGTA	217	39.5329449902923	6955760	1923908	1934636	1549525	1547691	0	1.31727376579561e-85	3.35973113362032e-83	0.0311971660896868	5.48909270617927	0.445273557454541
Chroococcidiopsis_thermalis_PCC_7203_PCC_7203	GCF_000317125.1	GCGATCGC	10056	651.359809851014	6689401	1857038	1857273	1490738	1484352	0	0	0	1.50327361149376	15.4384717139673	0.444746846541267
Chroococcidiopsis_thermalis_PCC_7203_PCC_7203	GCF_000317125.1	TACATGTA	213	38.2972151293098	6689401	1857038	1857273	1490738	1484352	0	4.60591520766232e-85	1.16610935610462e-82	0.0318414159952438	5.56176210935468	0.444746846541267
Crinalium_epipsammum_PCC_9333_PCC_9333	GCF_000317495.1	GCGATCGC	5093	124.245855860125	5620407	1682950	1680154	1135868	1121435	0	0	0	0.906162133809882	40.9913068306571	0.401626252333683
Crocosphaera_subtropica_ATCC_51142_ATCC_51142	GCF_000017845.1	GCGATCGC	2589	36.984421717235	5460377	1698570	1690034	1034562	1037211	0	0	0	0.474143085724667	70.0024464298574	0.379419406388973
Cyanobacterium_aponinum_PCC_10605_PCC_10605	GCF_000317675.1	ATGGCCAT	135	11.1142653454866	4176973	1357200	1360697	731481	727595	0	9.4063051546769e-95	2.51068138826229e-92	0.0323200556958352	12.1465518235825	0.349314204329307
Cyanobacterium_aponinum_PCC_10605_PCC_10605	GCF_000317675.1	GCGATCGC	2223	22.6125651484731	4176973	1357200	1360697	731481	727595	0	0	0	0.53220358379142	98.3081744775032	0.349314204329307
Cyanobium_gracile_PCC_6307_PCC_6307	GCF_000316515.1	GCCATGGC	643	282.819745227219	3342364	527179	518741	1150343	1146101	0	3.19500793286753e-75	7.69304287723741e-73	0.192378807335168	2.27353291575668	0.687071785119754
Cyanobium_sp_M30B3	GCF_018399015.1	GCCATGGC	589	237.583502177932	3180296	514717	510459	1081483	1073637	0	6.41144560395327e-82	1.61728128231003e-79	0.185202886775319	2.47912836792381	0.677647615190536
Cyanobium_sp_NIES-981_NIES-981	GCF_900088535.1	GCCATGGC	618	238.264863804582	3021545	482925	465347	1040867	1032406	0	3.27247724580296e-93	8.63432463812166e-91	0.204531125632747	2.59375213840538	0.686163204585733
Cyanobium_sp_NS01_NS01	GCF_014280235.1	GCCATGGC	630	238.65755265989	2748087	439261	442008	938354	928464	0	5.84637948223408e-98	1.59763919311336e-95	0.229250383994393	2.63976560967175	0.679315465631183
Cylindrospermopsis_curvispora_GIHE-G1_GIHE-G1	GCF_014489415.1	GCGATCGC	1765	18.923801153016	4057210	1211935	1218838	813821	812616	0	0	0	0.435028011860367	93.2687881112461	0.400875724943989
Cylindrospermopsis_raciborskii_Cr2010_Cr2010	GCF_003367075.2	GCGATCGC	1673	17.9568641047078	3757845	1124122	1121961	752592	759170	0	0	0	0.445201970810398	93.1677151558655	0.402294932334889
Cylindrospermopsis_raciborskii_KLL07_KLL07	GCF_021650815.1	GCGATCGC	1734	18.3660332441663	3808183	1141943	1136038	764824	765378	0	0	0	0.455335260936777	94.4134194328969	0.401819450378304
Cylindrospermopsis_raciborskii_N8_N8	GCF_018139025.1	GCGATCGC	1713	18.1013491855784	3857174	1153866	1155519	772348	775441	0	0	0	0.444107525354055	94.6338299116825	0.401275389702409
Cylindrospermum_stagnale_PCC_7417_PCC_7417	GCF_000317535.1	GCGATCGC	5238	108.261180141491	7610589	2202263	2196338	1606737	1605051	200	0	0	0.68825159261655	48.3829937301092	0.422026784701807
Dactylococcopsis_salina_PCC_8305_PCC_8305	GCF_000317615.1	GCGATCGC	1608	134.992263473863	3781008	1092085	1084325	803512	801086	0	0	0	0.425283416485763	11.9117937474345	0.42438365642178
Dactylococcopsis_salina_PCC_8305_PCC_8305	GCF_000317615.1	TCGATCGA	1193	112.597134153981	3781008	1092085	1084325	803512	801086	0	0	0	0.315524325788255	10.595296309838	0.42438365642178
Dolichospermum_compactum_NIES-806_NIES-806	GCF_002368115.1	GCGATCGC	2388	24.5763145665188	5165988	1575540	1573378	968073	966980	82017	0	0	0.462254267721876	97.1667250407537	0.380618418161709
Dolichospermum_flos-aquae_CCAP_1403-13F_CCAP_1403-13f	GCF_012516395.1	GCGATCGC	2051	24.1909966389109	5220684	1617601	1611525	994874	996684	0	0	0	0.392860399135439	84.7836089853772	0.38147453475445
Dolichospermum_heterosporum_TAC447_NIES-1697	GCF_024584745.1	GCGATCGC	2662	28.686196952571	5833376	1794712	1791420	1121914	1125330	0	0	0	0.45633951934523	92.7972433711335	0.385239010823235
Dolichospermum_sp_BR01	GCF_018447705.1	GCGATCGC	1980	23.0745650598073	5575959	1723724	1722875	1063217	1066143	0	0	0	0.355095867813949	85.8087680035575	0.381882291458743
Dolichospermum_sp_OL01	GCF_018447755.1	GCGATCGC	2019	22.5153880471656	5274066	1634147	1625504	1006708	1007706	1	0	0	0.382816597289454	89.6720054644657	0.381947131861287
Dolichospermum_sp_UHCC_0315A_UHCC_0315A	GCF_008121535.1	GCGATCGC	2121	24.6870855739263	5642022	1745109	1744007	1074389	1078517	0	0	0	0.375929055221692	85.9153663014857	0.381584120019383
Dolichospermum_sp_WA123	GCF_018447775.1	GCGATCGC	1929	22.7686311673634	4984963	1534746	1541799	951928	956490	0	0	0	0.386963754796174	84.7218256477814	0.382834937791915
Euhalothece_natronophila_Z-M001_Z-M001	GCF_007904085.1	GCGATCGC	2196	70.2284222200041	3524308	1043086	1036150	721395	723677	0	0	0	0.623101045652083	31.2693910895592	0.410029997378209
Fischerella_sp_NIES-3754_NIES-3754	GCF_001548455.1	GCGATCGC	5055	104.566518369751	5826863	1723733	1715387	1192344	1195399	0	0	0	0.867533696948083	48.3424338766388	0.40978190151373
Fischerella_sp_NIES-4106_NIES-4106	GCF_002368315.1	GCGATCGC	6135	128.839660360854	7250844	2173915	2171423	1450629	1450314	4563	0	0	0.846108397863752	47.6173251529621	0.400335427235019
Geitlerinema_sp_PCC_7407_PCC_7407	GCF_000317045.1	GCGATCGC	11982	970.304329664379	4681111	970579	973810	1365855	1370867	0	0	0	2.55964876714096	12.3487030137694	0.584630870748418
Geminocystis_herdmanii_PCC_6308_PCC_6308	GCF_000332235.1	ACGATCGT	258	50.6416363633279	4263418	1402199	1398894	730751	730574	1000	1.2790039759571e-94	3.40066910425905e-92	0.0605148263670135	5.09462210401302	0.342839439961074
Geminocystis_herdmanii_PCC_6308_PCC_6308	GCF_000332235.1	GATCGATC	669	144.400132453562	4263418	1402199	1398894	730751	730574	1000	4.47701743471819e-220	1.48223715684824e-217	0.156916352091209	4.63295973925193	0.342839439961074
Geminocystis_herdmanii_PCC_6308_PCC_6308	GCF_000332235.1	GCGATCGC	518	23.4286868137549	4263418	1402199	1398894	730751	730574	1000	0	0	0.121498759915167	22.1096472080494	0.342839439961074
Geminocystis_herdmanii_PCC_6308_PCC_6308	GCF_000332235.1	TCGATCGA	3004	174.219243822959	4263418	1402199	1398894	730751	730574	1000	0	0	0.704598986071739	17.2426417087004	0.342839439961074
Geminocystis_sp_NIES-3708_NIES-3708	GCF_001548095.1	GCGATCGC	952	12.6677984152503	4042078	1366674	1370244	654553	650607	0	0	0	0.235522421883002	75.1511800861879	0.322893323681532
Geminocystis_sp_NIES-3709_NIES-3709	GCF_001548115.1	ACGATCGT	352	63.1340184756699	4426059	1476253	1473346	738632	737828	0	1.48451680011845e-139	4.60494436591699e-137	0.0795289895593348	5.5754410775492	0.333583442968112
Geminocystis_sp_NIES-3709_NIES-3709	GCF_001548115.1	GATCGATC	396	135.428902983862	4426059	1476253	1473346	738632	737828	0	1.30182008915972e-73	3.0913289179274e-71	0.0894701132542517	2.92404347428841	0.333583442968112
Geminocystis_sp_NIES-3709_NIES-3709	GCF_001548115.1	GCGATCGC	813	23.4879362632025	4426059	1476253	1473346	738632	737828	0	0	0	0.183684853726532	34.6135135454063	0.333583442968112
Geminocystis_sp_NIES-3709_NIES-3709	GCF_001548115.1	TCGATCGA	1738	122.854692596777	4426059	1476253	1473346	738632	737828	0	0	0	0.392674385949216	14.146793771275	0.333583442968112
Gloeobacter_kilaueensis_JS1_JS1	GCF_000484535.1	CCTGCAGG	606	254.390599437298	4724791	931715	932838	1431757	1428481	0	4.97411218106242e-78	1.24107703346624e-75	0.128259641537583	2.38216349715928	0.605368152792367
Gloeocapsa_sp_PCC_7428_PCC_7428	GCF_000317555.1	GCGATCGC	7826	441.960809699807	5882710	1669666	1662208	1275272	1275564	0	0	0	1.33033924840762	17.7074523990389	0.433615799520969
Gloeothece_citriformis_PCC_7424_PCC_7424	GCF_000021825.1	GCGATCGC	2485	56.3248866645126	6554169	2007565	2022606	1261085	1262913	0	0	0	0.379147989623093	44.1190412827882	0.385098095578555
Gloeothece_verrucosa_PCC_7822_PCC_7822	GCF_000147335.1	GCGATCGC	868	56.0397802911522	7841948	2358436	2354903	1565567	1563042	0	0	0	0.110686783436973	15.488997199674	0.398958141522999
Halomicronema_hongdechloris_C2206_C2206	GCF_002075285.3	GCGATCGC	2720	210.286647439958	5577845	1265160	1265863	1516587	1530235	0	0	0	0.487643525411696	12.9347252101521	0.546236404919821
Halothece_sp_PCC_7418_PCC_7418	GCF_000317635.1	GCGATCGC	2965	136.30274480838	4179170	1199645	1185719	896769	897037	0	0	0	0.709471019365089	21.7530468969523	0.429225420358588
Kovacikia_minuta_CCNUW1_CCNU0001	GCF_020091585.1	GCGATCGC	6429	468.946604631657	8564336	2171942	2166023	2115474	2110897	0	0	0	0.750671155358687	13.7094499384419	0.493484959020758
Kovacikia_minuta_CCNUW1_CCNU0001	GCF_020091585.1	GTGTACAC	163	27.9785419697688	8564336	2171942	2166023	2115474	2110897	0	2.88564464122189e-68	6.49402067232367e-66	0.0190324153559599	5.82589329265705	0.493484959020758
Leptodesmis_sichuanensis_PKUAC-SCTA121_PKUAC-SCTA121	GCF_021379005.1	GCGATCGC	5373	415.968920167325	5348817	1328676	1328699	1341124	1350318	0	0	0	1.00452118664744	12.9168304156923	0.503184535945051
Leptolyngbya_boryana_IAM_M-101_IAM_M-101	GCF_002142475.1	ACGATCGT	743	293.340490129625	6803468	1804851	1800489	1602507	1595621	0	5.93960919121113e-107	1.66270425749416e-104	0.109209009287616	2.53289274750879	0.470073203842511
Leptolyngbya_boryana_IAM_M-101_IAM_M-101	GCF_002142475.1	GCGATCGC	6845	771.240901624646	6803468	1804851	1800489	1602507	1595621	0	0	0	1.00610453374661	8.87530729449225	0.470073203842511
Leptolyngbya_boryana_IAM_M-101_IAM_M-101	GCF_002142475.1	TCGATCGA	1614	844.79360648922	6803468	1804851	1800489	1602507	1595621	0	3.80698893639573e-122	1.11559355794024e-119	0.237231952880502	1.91052582264139	0.470073203842511
Leptolyngbya_boryana_IU_594_IU_594	GCF_022372495.1	ACGATCGT	799	309.995062198034	7227162	1911589	1916736	1695879	1702958	0	1.53045528645745e-118	4.40976037015086e-116	0.110555152907877	2.57746040964219	0.470286538478036
Leptolyngbya_boryana_IU_594_IU_594	GCF_022372495.1	GCGATCGC	7150	806.179424978294	7227162	1911589	1916736	1695879	1702958	0	0	0	0.989323333280754	8.8689934008084	0.470286538478036
Leptolyngbya_boryana_IU_594_IU_594	GCF_022372495.1	TCGATCGA	1693	882.627698585171	7227162	1911589	1916736	1695879	1702958	0	2.04927316751924e-129	6.21679063471562e-127	0.234255161292911	1.91813604163322	0.470286538478036
Leptolyngbya_boryana_NIES-2135_NIES-2135	GCF_002368255.1	ACGATCGT	799	310.248685993594	7233668	1913534	1918358	1697127	1704649	0	2.28399903353097e-118	6.55355456021152e-116	0.110455719007286	2.5753533731856	0.470269854795658
Leptolyngbya_boryana_NIES-2135_NIES-2135	GCF_002368255.1	GCGATCGC	7159	806.784722135817	7233668	1913534	1918358	1697127	1704649	0	0	0	0.989677712607214	8.87349475464513	0.470269854795658
Leptolyngbya_boryana_NIES-2135_NIES-2135	GCF_002368255.1	TCGATCGA	1694	883.013404929444	7233668	1913534	1918358	1697127	1704649	0	1.52158596421383e-129	4.63639362122217e-127	0.234182713389666	1.91843067222219	0.470269854795658
Leptolyngbya_boryana_dg5_dg5	GCF_002142495.1	ACGATCGT	743	293.338476424257	6803469	1804849	1800491	1602506	1595623	0	5.92127584745278e-107	1.66270425749416e-104	0.109208993235657	2.53291013527115	0.470073281733186
Leptolyngbya_boryana_dg5_dg5	GCF_002142495.1	GCGATCGC	6845	771.25292944276	6803469	1804849	1800491	1602506	1595623	0	0	0	1.0061043858655	8.8751688825942	0.470073281733186
Leptolyngbya_boryana_dg5_dg5	GCF_002142495.1	TCGATCGA	1614	844.787807203144	6803469	1804849	1800491	1602506	1595623	0	3.78690846119673e-122	1.11445155671731e-119	0.237231918011238	1.91053893798906	0.470073281733186
Leptolyngbya_sp_NIES-3755_NIES-3755	GCF_001548435.1	ACGATCGT	962	417.289401650448	6761657	1802088	1801838	1575323	1582407	1	9.06325455939191e-115	2.57905769412382e-112	0.142272818630108	2.30535450024643	0.467005419974042
Leptolyngbya_sp_NIES-3755_NIES-3755	GCF_001548435.1	GCGATCGC	6184	835.821549596946	6761657	1802088	1801838	1575323	1582407	1	0	0	0.914568721838449	7.39870849582914	0.467005419974042
Leptolyngbya_sp_NIES-3755_NIES-3755	GCF_001548435.1	TCGATCGA	4063	1520.85526052758	6761657	1802088	1801838	1575323	1582407	1	0	0	0.600888214235061	2.67152312613269	0.467005419974042
Leptolyngbya_sp_PCC_7376	GCF_000316605.1	GCGATCGC	6476	190.791768643856	5125950	1447674	1429657	1129381	1119238	0	0	0	1.26337556940665	33.9427641246332	0.438673611720754
Leptolyngbyaceae_cyanobacterium_JSC-12_JSC-12	GCF_000309945.1	GCGATCGC	6749	318.128459287981	5530491	1453537	1449543	1322800	1302611	2000	0	0	1.22032564558915	21.2147005492852	0.47488745120504
Leptothermofonsia_sichuanensis_PKUAC-SCTE412_PKUAC-SCTE412	GCF_019891175.1	GCGATCGC	6562	282.664859709463	6426061	1579487	1581674	1635410	1629490	0	0	0	1.02115432766667	23.2147710427987	0.508071740993433
Limnospira_fusiformis_KN01_KN01	GCF_014489865.2	GCGATCGC	6943	193.485163816664	5640992	1558805	1550106	1245006	1246544	40531	0	0	1.23081188556906	35.8838882684505	0.444883019451434
Limnospira_indica_PCC_8005_PCC_8005	GCF_000973065.1	GCGATCGC	7157	182.237475031079	6228153	1720656	1721232	1395210	1390533	522	0	0	1.14913683077471	39.2729321934439	0.447319855656188
Microcoleus_vaginatus_HSN003_HSN003	GCF_022701255.1	GATCGATC	594	231.344415915768	6756317	1828722	1834043	1548132	1545420	0	4.60570125985381e-88	1.19235718631042e-85	0.0879177220370211	2.56760033583985	0.457875496368806
Microcoleus_vaginatus_HSN003_HSN003	GCF_022701255.1	GCGATCGC	4280	361.480438976515	6756317	1828722	1834043	1548132	1545420	0	0	0	0.63348122949234	11.8401980813077	0.457875496368806
Microcoleus_vaginatus_HSN003_HSN003	GCF_022701255.1	TCGATCGA	1023	222.180447759418	6756317	1828722	1834043	1548132	1545420	0	0	0	0.151413854619314	4.6043655520387	0.457875496368806
Microcoleus_vaginatus_PCC_9802_PCC_9802	GCF_022701275.1	GATCGATC	585	227.075276098558	6698371	1808279	1806646	1540014	1543432	0	2.77737691743063e-87	7.13661507619191e-85	0.0873346668913979	2.57623819753099	0.460327742371989
Microcoleus_vaginatus_PCC_9802_PCC_9802	GCF_022701275.1	GCGATCGC	4271	361.965222268796	6698371	1808279	1806646	1540014	1543432	0	0	0	0.637617713321642	11.7994761298597	0.460327742371989
Microcoleus_vaginatus_PCC_9802_PCC_9802	GCF_022701275.1	TCGATCGA	976	217.919969704121	6698371	1808279	1806646	1540014	1543432	0	7.97917016157625e-309	2.72018600993459e-306	0.145707068181204	4.47870840531574	0.460327742371989
Microcystis_aeruginosa_NIES-88	GCF_019704275.1	GCGATCGC	1735	128.438928664174	5501105	1581960	1576324	1173676	1169145	0	0	0	0.315391180499191	13.5083655558703	0.425881891001899
Microcystis_aeruginosa_NIES-88	GCF_019704275.1	TCGATCGA	547	163.491312262077	5501105	1581960	1576324	1173676	1169145	0	1.09147561417567e-122	3.2258959954761e-120	0.0994345681458543	3.34574352870296	0.425881891001899
Microcystis_aeruginosa_FACHB-905_DIANCHI905_DIANCHI905	GCF_021172085.1	GATCGATC	441	160.939019059959	5103104	1479268	1476968	1073984	1072884	0	1.09838508362184e-73	2.61727302417074e-71	0.0864179918731815	2.74016831080412	0.420698461171867
Microcystis_aeruginosa_FACHB-905_DIANCHI905_DIANCHI905	GCF_021172085.1	GCGATCGC	1627	121.592582475797	5103104	1479268	1476968	1073984	1072884	0	0	0	0.318825561854119	13.3807504279618	0.420698461171867
Microcystis_aeruginosa_FACHB-905_DIANCHI905_DIANCHI905	GCF_021172085.1	TCGATCGA	525	148.287705983581	5103104	1479268	1476968	1073984	1072884	0	5.35881319398655e-127	1.60447526865517e-124	0.102878561753787	3.54041487470399	0.420698461171867
Microcystis_aeruginosa_FD4_FD4	GCF_009792235.1	GCGATCGC	1890	130.18496435306	5493112	1582319	1572198	1170916	1167679	0	0	0	0.344067260962456	14.5178055652751	0.42573226251349
Microcystis_aeruginosa_FD4_FD4	GCF_009792235.1	TCGATCGA	533	155.512612491342	5493112	1582319	1572198	1170916	1167679	0	1.53945983035518e-123	4.56954145506806e-121	0.0970306085148091	3.42737474125884	0.42573226251349
Microcystis_aeruginosa_NIES-2481_NIES-2481	GCF_001704955.2	GCGATCGC	1484	124.279159154977	4440545	1271658	1265242	953186	950459	0	0	0	0.334193212770054	11.9408596750276	0.428696252374427
Microcystis_aeruginosa_NIES-2481_NIES-2481	GCF_001704955.2	TCGATCGA	516	154.9089568869	4440545	1271658	1265242	953186	950459	0	3.67078884735468e-115	1.04890125802586e-112	0.11620195268824	3.33098879735362	0.428696252374427
Microcystis_aeruginosa_NIES-2549_NIES-2549	GCF_000981785.2	GCGATCGC	1443	121.875335605228	4301200	1230086	1225108	923544	922462	0	0	0	0.335487770854645	11.8399673964722	0.429183948665489
Microcystis_aeruginosa_NIES-2549_NIES-2549	GCF_000981785.2	TCGATCGA	498	147.891546003967	4301200	1230086	1225108	923544	922462	0	7.2492792872362e-113	2.05438011866763e-110	0.115781642332372	3.36733243688345	0.429183948665489
Microcystis_aeruginosa_NIES-298_NIES-298	GCF_010196425.1	GATCGATC	479	186.667835535382	5015081	1444948	1436040	1069456	1064637	0	2.45646774407059e-71	5.67658371569387e-69	0.0955119169560771	2.56605536045446	0.425535101028279
Microcystis_aeruginosa_NIES-298_NIES-298	GCF_010196425.1	GCGATCGC	1700	134.812577402745	5015081	1444948	1436040	1069456	1064637	0	0	0	0.338977575835764	12.6100993894757	0.425535101028279
Microcystis_aeruginosa_NIES-298_NIES-298	GCF_010196425.1	TCGATCGA	554	165.13233321991	5015081	1444948	1436040	1069456	1064637	0	1.08007267315727e-124	3.21983223222087e-122	0.110466810007655	3.35488507427693	0.425535101028279
Microcystis_aeruginosa_NIES-843_NIES-843	GCF_000010625.1	GCGATCGC	1821	126.021315888323	5842795	1686154	1683349	1237551	1235741	0	0	0	0.311665906471132	14.4499364029315	0.423306311448545
Microcystis_aeruginosa_NIES-843_NIES-843	GCF_000010625.1	TCGATCGA	545	163.947786530467	5842795	1686154	1683349	1237551	1235741	0	3.54396923583672e-121	1.02975484158928e-118	0.0932772756874065	3.32422908252391	0.423306311448545
Microcystis_aeruginosa_PCC_7806SL_PCC_7806SL	GCF_002095975.1	GATCGATC	441	162.85185175579	5139339	1487367	1488999	1080922	1082051	0	2.99205823077873e-72	7.03225590458521e-70	0.0858087003017314	2.7079827170852	0.420865990743168
Microcystis_aeruginosa_PCC_7806SL_PCC_7806SL	GCF_002095975.1	GCGATCGC	1638	122.626427564468	5139339	1487367	1488999	1080922	1082051	0	0	0	0.318718029692145	13.3576426593596	0.420865990743168
Microcystis_aeruginosa_PCC_7806SL_PCC_7806SL	GCF_002095975.1	TCGATCGA	530	149.992812799999	5139339	1487367	1488999	1080922	1082051	0	7.29119945631719e-128	2.19258148192064e-125	0.103126102403441	3.53350263993452	0.420865990743168
Microcystis_panniformis_FACHB-1757_FACHB-1757	GCF_001264245.1	GCGATCGC	1758	125.564994485883	5686839	1641384	1636816	1206395	1202244	0	0	0	0.309134828680749	14.0007173750774	0.423546191478254
Microcystis_panniformis_FACHB-1757_FACHB-1757	GCF_001264245.1	TCGATCGA	546	155.038540187424	5686839	1641384	1636816	1206395	1202244	0	4.3283457409231e-131	1.33065714778093e-128	0.0960111583957274	3.52170498599863	0.423546191478254
Microcystis_sp_MC19_MC19	GCF_003019735.1	GATCGATC	518	165.406688492749	5020243	1438559	1440528	1069973	1071183	0	5.26974732060098e-106	1.46921408698731e-103	0.103182256317075	3.13167505328969	0.426504454067263
Microcystis_sp_MC19_MC19	GCF_003019735.1	GCGATCGC	1638	124.435547126978	5020243	1438559	1440528	1069973	1071183	0	0	0	0.326279026732371	13.1634411373507	0.426504454067263
Microcystis_sp_MC19_MC19	GCF_003019735.1	TCGATCGA	529	148.393172587533	5020243	1438559	1440528	1069973	1071183	0	4.37272584410208e-129	1.32071663389581e-126	0.105373385312225	3.56485403456118	0.426504454067263
Microcystis_viridis_NIES-102_NIES-102	GCF_003945305.1	GCGATCGC	1780	126.208873054334	5874197	1694407	1689783	1245525	1244482	0	0	0	0.303020140454942	14.1036042627027	0.42388891622123
Microcystis_viridis_NIES-102_NIES-102	GCF_003945305.1	TCGATCGA	542	162.972116316908	5874197	1694407	1689783	1245525	1244482	0	1.35174692152717e-120	3.91120588252298e-118	0.0922679304081903	3.32572229071415	0.42388891622123
Moorena_producens_JHB_JHB	GCF_001854205.1	GCGATCGC	4316	82.5285321279395	9384763	2629585	2642552	2044384	2042227	26015	0	0	0.459894405431442	52.2970648903478	0.436662147543667
Moorena_producens_JHB_JHB	GCF_001854205.1	TAGCGCTA	559	144.372634049243	9384763	2629585	2642552	2044384	2042227	26015	5.91266098898001e-151	1.86774993736293e-148	0.0595646368480483	3.87192492317717	0.436662147543667
Moorena_producens_JHB_JHB	GCF_001854205.1	TTGGCCAA	519	177.729288993055	9384763	2629585	2642552	2044384	2042227	26015	1.22187367052124e-95	3.29972974301077e-93	0.0553024088088319	2.9201714750588	0.436662147543667
Moorena_producens_PAL-8-15-08-1_PAL-8-15-08-1	GCF_001767235.1	GCGATCGC	4292	82.723319660141	9708656	2737199	2746312	2113847	2110948	350	0	0	0.442079727616263	51.8837979137343	0.435173242376167
Moorena_producens_PAL-8-15-08-1_PAL-8-15-08-1	GCF_001767235.1	TAGCGCTA	517	140.970474834898	9708656	2737199	2746312	2113847	2110948	350	8.14652400531972e-131	2.49334324045483e-128	0.0532514490162181	3.66743462136664	0.435173242376167
Nodularia_sphaerocarpa_UHCC_0038_UHCC_0038	GCF_022376295.1	GCGATCGC	4112	70.0964831543375	5451672	1606096	1595895	1124055	1125620	6	0	0	0.754264012948688	58.6620015007922	0.412658258961572
Nodularia_spumigena_CCY9414_CCY9414	GCF_000340565.2	GCGATCGC	4090	60.3508613005806	5462271	1605019	1602714	1127562	1122441	4507	0	0	0.748772808965355	67.7703666834105	0.412259405731607
Nodularia_spumigena_UHCC_0039_UHCC_0039	GCF_003054475.1	GCGATCGC	4089	60.4574402216438	5386612	1581690	1583862	1110457	1110603	0	0	0	0.759104238434103	67.6343554243987	0.412329679583382
Nostoc_cf_commune_SO-36_SO-36	GCF_023734775.1	GCGATCGC	6305	138.830464057096	7408262	2170515	2174046	1533685	1530016	0	0	0	0.851076811268284	45.4151042627573	0.413551923514584
Nostoc_edaphicum_CCNP1411_CCNP1411	GCF_014023275.1	GCGATCGC	7204	160.851989149225	8316316	2428205	2429312	1727952	1730847	0	0	0	0.866248949655112	44.786514845749	0.415905191673813
Nostoc_edaphicum_CCNP1411_CCNP1411	GCF_014023275.1	GTGTACAC	221	38.7957466610572	8316316	2428205	2429312	1727952	1730847	0	4.48658810352078e-90	1.17925344717884e-87	0.0265742667787035	5.69650075124957	0.415905191673813
Nostoc_flagelliforme_CCNUN1_CCNUN1	GCF_002813575.1	GCGATCGC	8104	178.64064716648	10231233	2972783	2974654	2139123	2144673	0	0	0	0.792084394911151	45.3648155027543	0.418697922332528
Nostoc_linckia_NIES-25_NIES-25	GCF_002368035.1	GCGATCGC	7490	199.280746197026	8590040	2520048	2524735	1770009	1770407	4841	0	0	0.871940060814618	37.5851663692324	0.412386014581607
Nostoc_piscinale_CENA21_CENA21	GCF_001298445.1	GCGATCGC	6410	101.30203524485	7094556	2107623	2110272	1437468	1438706	482	0	0	0.903509676997405	63.2761225824029	0.405433609399627
Nostoc_punctiforme_PCC_73102_ATCC_29133_PCC_73102	GCF_000020025.1	GCGATCGC	7548	173.610043529415	9059191	2658118	2654688	1873338	1873047	0	0	0	0.833186981044996	43.4767473502829	0.41354520508509
Nostoc_sp_Lobaria_pulmonaria_5183_cyanobiont_5183	GCF_002949795.1	GCGATCGC	6658	170.475062251091	7339908	2146883	2138779	1528860	1525385	1	0	0	0.907095838258463	39.0555657354357	0.416114945325602
Nostoc_sp_Peltigera_membranacea_cyanobiont_N6_N6	GCF_002949735.1	GCGATCGC	8026	192.901620991514	8898590	2606437	2609313	1839855	1842985	0	0	0	0.901940644529077	41.6067006526249	0.41386781501339
Nostoc_sp_ATCC_53789_ATCC_53789	GCF_009873495.1	GCGATCGC	7215	160.195763072303	8653730	2530171	2539914	1794144	1789501	0	0	0	0.833744524037612	45.0386443538059	0.414115647241132
Nostoc_sp_C052_C052	GCF_013393905.1	GCGATCGC	8611	203.694984564503	9879831	2895458	2884259	2047979	2052135	0	0	0	0.871573612949452	42.2739912738166	0.414998394203302
Nostoc_sp_C057_C057	GCF_013393925.1	GCGATCGC	7634	170.75306960494	9234448	2697407	2709551	1914903	1912587	0	0	0	0.826687204259529	44.707834639004	0.414479566076933
Nostoc_sp_CENA543_CENA543	GCF_002896875.1	GCGATCGC	5918	87.4818687850095	7207640	2131734	2132207	1471824	1471875	0	0	0	0.821073194554667	67.6483033820841	0.408413711006654
Nostoc_sp_MS1_MS1	GCF_019976755.1	GCGATCGC	6414	89.0157525119131	7901148	2348344	2350022	1604127	1598655	0	0	0	0.811780769073051	72.05466245024	0.40535653806257
Nostoc_sp_NIES-2111_NIES-2111	GCF_002368215.1	GCGATCGC	6165	78.7668467215506	7876755	2340575	2338727	1597246	1597694	2513	0	0	0.782682716423197	78.2689704691867	0.405745721302444
Nostoc_sp_NIES-3756_NIES-3756	GCF_001548375.1	GCGATCGC	5717	73.6301962259697	6987571	2076063	2076101	1418054	1417353	0	0	0	0.818166999662687	77.6447747396277	0.405778631802095
Nostoc_sp_NIES-4103_NIES-4103	GCF_002368335.1	GGGGCCCC	155	14.7455088506475	8590607	2517725	2519720	1762184	1760508	30470	1.26098735508963e-99	3.48741498879086e-97	0.0180429625054434	10.5116752205668	0.411522852963685
Nostoc_sp_NIES-4103_NIES-4103	GCF_002368335.1	GCGATCGC	7043	111.96757652779	8590607	2517725	2519720	1762184	1760508	30470	0	0	0.819848935005408	62.9021384440876	0.411522852963685
Nostoc_sp_PCC_7107_PCC_7107	GCF_000316625.1	GCGATCGC	5809	99.6111467555031	6329823	1884265	1890982	1275594	1278982	0	0	0	0.917719184248912	58.3167666391621	0.403577793565476
Nostoc_sp_PCC_7120_FACHB-418_PCC_7120	GCF_000009705.1	GCGATCGC	5695	86.1291147743604	7211789	2118832	2116772	1487984	1488201	0	0	0	0.789679232157236	66.121659498297	0.412683316164685
Nostoc_sp_PCC_7524_PCC_7524	GCF_000316645.1	GCGATCGC	5622	88.5751344982053	6718869	1965913	1962539	1395516	1394901	0	0	0	0.836747970528969	63.471537828869	0.415310523244314
Nostoc_sp_TCL240-02	GCF_013343235.1	GCGATCGC	6716	157.269526288648	7887247	2316981	2313899	1625830	1630537	0	0	0	0.851501163840818	42.7037593263532	0.412864843715431
Nostoc_sp_TCL26-01_TCL26-01	GCF_013393945.1	GCGATCGC	6202	94.3046890364697	7387676	2177561	2177055	1515408	1517652	0	0	0	0.839506226315285	65.7655527351514	0.410556716347604
Nostoc_sp_UHCC_0702_UHCC_0702	GCF_017164015.1	GGGGCCCC	127	15.9843027573563	8587404	2506095	2506759	1787666	1786884	0	3.20485596781248e-68	7.18889906734328e-66	0.0147891027369855	7.94529495142049	0.416255017232216
Nostoc_sp_UHCC_0702_UHCC_0702	GCF_017164015.1	GCGATCGC	7051	119.078549743884	8587404	2506095	2506759	1787666	1786884	0	0	0	0.821086325972319	59.2130154017277	0.416255017232216
Nostoc_sp_UHCC_0870_UHCC_0870	GCF_022063185.1	GCGATCGC	5566	85.2079254389759	7172241	2112980	2120238	1465535	1473488	0	0	0	0.776047542183817	65.3225620894414	0.409777501899337
Nostoc_sphaeroides_Kutzing_En	GCF_003443655.1	GCGATCGC	6158	146.153080109518	6684490	1955963	1947309	1389673	1391545	0	0	0	0.921237072686173	42.1339050493195	0.416070335956819
Nostoc_sphaeroides_CCNUC1	GCF_009372195.1	GCGATCGC	8206	179.111924056342	9516388	2789938	2792309	1969009	1965132	0	0	0	0.862301957423342	45.8149285327239	0.413406956504926
Nostocales_cyanobacterium_HT-58-2_HT-58-2	GCF_002163975.1	GCGATCGC	4082	69.191565286662	7899568	2264570	2272120	1684049	1678829	0	0	0	0.516737117776567	58.9956302200737	0.42570403849932
Oscillatoria_acuminata_PCC_6304_PCC_6304	GCF_000317105.1	GCGATCGC	10101	355.215498073782	7804270	2038820	2049663	1857369	1858418	0	0	0	1.29429145839393	28.4362592701456	0.476122302278112
Oscillatoria_nigro-viridis_PCC_7112_PCC_7112	GCF_000317475.1	GATCGATC	837	296.745353713215	8272254	2250195	2234651	1890595	1896813	0	1.03582536722385e-144	3.22765059223996e-142	0.101181612653577	2.82060018641069	0.457844742194812
Oscillatoria_nigro-viridis_PCC_7112_PCC_7112	GCF_000317475.1	GCGATCGC	5209	435.578728401016	8272254	2250195	2234651	1890595	1896813	0	0	0	0.629695364769989	11.9588025317993	0.457844742194812
Oscillatoria_nigro-viridis_PCC_7112_PCC_7112	GCF_000317475.1	TCGATCGA	1434	296.3617247359	8272254	2250195	2234651	1890595	1896813	0	0	0	0.173350576517597	4.83868151758765	0.457844742194812
Oxynema_aestuarii_AP17_AP17	GCF_012295525.1	GCGATCGC	15499	1907.71140490243	6357750	1537227	1549300	1634511	1636712	0	0	0	2.43781211906728	8.12439447610927	0.514525264441037
Oxynema_aestuarii_AP17_AP17	GCF_012295525.1	CTTGCAAG	413	119.186467845855	6357750	1537227	1549300	1634511	1636712	0	1.35875785367027e-97	3.69839924249604e-95	0.0649600880814754	3.4651584820362	0.514525264441037
Parasynechococcus_marenigrum_WH_8102_WH_8102	GCF_000195975.1	GCCATGGC	379	128.313999052386	2434428	491716	496355	722963	723394	0	1.22370847026192e-71	2.83735555879182e-69	0.155683388459219	2.95369174680049	0.594126012352799
Phormidium_yuhuli_AB48_AB48	GCF_023983615.1	GCGATCGC	6313	170.504828837966	4799068	1158925	1161423	1239527	1239193	0	0	0	1.31546375254529	37.0253443437627	0.516500287139086
Planktothrix_agardhii_NIVA-CYA126-8	GCF_904830765.1	GCGATCGC	2527	48.2463157510025	5099909	1534612	1546134	1012582	1006581	0	0	0	0.495499037335764	52.377056375491	0.395921378204984
Planktothrix_agardhii_NIVA-CYA126-8	GCF_904830765.1	CGTGCACG	143	3.24512049960807	5099909	1534612	1546134	1012582	1006581	0	1.31761522798575e-176	4.24001191869208e-174	0.0280397160027757	44.0661602603882	0.395921378204984
Planktothrix_agardhii_No2A	GCF_904830775.1	GCGATCGC	2367	45.815652263814	4794075	1442863	1449959	950353	950900	0	0	0	0.493734453465997	51.6635665551683	0.396583908261761
Planktothrix_agardhii_No2A	GCF_904830775.1	CGTGCACG	141	3.08617365029001	4794075	1442863	1449959	950353	950900	0	2.50218418421181e-176	8.01443775170056e-174	0.0294113045790898	45.6876430095727	0.396583908261761
Planktothrix_agardhii_No365	GCF_904830845.1	GCGATCGC	2428	47.1121498982285	4974996	1503030	1502951	982843	986172	0	0	0	0.488040593399472	51.5365994811308	0.395782227764605
Planktothrix_agardhii_No365	GCF_904830845.1	CGTGCACG	152	3.15010769311665	4974996	1503030	1502951	982843	986172	0	1.85244658735485e-193	6.07461341864783e-191	0.0305527883841515	48.2523185896589	0.395782227764605
Planktothrix_agardhii_No66	GCF_904830855.1	GCGATCGC	2420	46.764553174297	4947677	1489192	1495029	981066	982390	0	0	0	0.489118428709069	51.7485966556844	0.396844013867518
Planktothrix_agardhii_No66	GCF_904830855.1	CGTGCACG	144	3.2369194030473	4947677	1489192	1495029	981066	982390	0	2.07892622658927e-178	6.72127585295041e-176	0.0291045676587215	44.4867425072232	0.396844013867518
Planktothrix_agardhii_PCC_7811	GCF_904830885.1	GCGATCGC	2557	47.8443094837091	5144739	1549203	1558843	1017510	1019183	0	0	0	0.497012579258151	53.4441823404444	0.395878780245217
Planktothrix_agardhii_PCC_7811	GCF_904830885.1	CGTGCACG	154	3.36949009942003	5144739	1549203	1558843	1017510	1019183	0	1.99617972316414e-192	6.51492514009361e-190	0.0299334912810932	45.7042446946223	0.395878780245217
Planktothrix_agardhii_PCC7805	GCF_904830915.1	GCGATCGC	2402	47.276911582007	4903948	1477538	1482423	970645	973342	0	0	0	0.489809435173456	50.8070413151559	0.396412645484822
Planktothrix_agardhii_PCC7805	GCF_904830915.1	CGTGCACG	140	3.15049883955475	4903948	1477538	1482423	970645	973342	0	1.92637161426844e-173	6.11325598363973e-171	0.0285484266962048	44.4374072582696	0.396412645484822
Planktothrix_agardhii_No976	GCF_904830935.1	GCGATCGC	2426	47.3477629309055	4904228	1474652	1483626	971879	974071	0	0	0	0.494675206780761	51.237901219119	0.39679027973414
Planktothrix_agardhii_No976	GCF_904830935.1	CGTGCACG	141	3.13530398512799	4904228	1474652	1483626	971879	974071	0	2.20961341150755e-175	7.0445749060211e-173	0.0287507024551061	44.971715874703	0.39679027973414
Planktothrix_agardhii_No758	GCF_904830945.1	GCGATCGC	2898	54.4037748723971	5640632	1709403	1704390	1112769	1113939	131	0	0	0.513772215595699	53.2683624766332	0.394771315526759
Planktothrix_agardhii_No758	GCF_904830945.1	CGTGCACG	214	3.90322761402218	5640632	1709403	1704390	1112769	1113939	131	3.48201067203139e-283	1.18120779762941e-280	0.0379390110895375	54.826420891063	0.394771315526759
Planktothrix_agardhii_NIVA-CYA_126-8_NIVA-CYA_126-8	GCF_000710505.1	GCGATCGC	2503	48.213528280222	5045869	1523642	1524977	1000114	996336	800	0	0	0.496049342541394	51.9148896436764	0.395723031736533
Planktothrix_agardhii_NIVA-CYA_126-8_NIVA-CYA_126-8	GCF_000710505.1	CGTGCACG	144	3.20539706346991	5045869	1523642	1524977	1000114	996336	800	5.24133094980038e-179	1.70254252135403e-176	0.0285381962948305	44.9242315846252	0.395723031736533
Planktothrix_pseudagardhii_No713	GCF_904830925.1	GCGATCGC	2696	56.0893028148696	6654737	2015397	2017187	1311278	1310875	0	0	0	0.405124950843287	48.0662062942468	0.39402804348241
Planktothrix_rubescens_NIVA-CYA_18_PCC_7821	GCF_900009275.2	GCGATCGC	2839	52.9375939101499	5627634	1698467	1700292	1111497	1105136	12242	0	0	0.504474882339541	53.6291846739122	0.394742343900479
Planktothrix_rubescens_NIVA-CYA_18_PCC_7821	GCF_900009275.2	CGTGCACG	201	3.86412748832484	5627634	1698467	1700292	1111497	1105136	12242	1.33654059303879e-261	4.48973323897676e-259	0.0357166084361563	52.0169173008153	0.394742343900479
Planktothrix_tepida_PCC9214	GCF_904830955.1	GCGATCGC	2705	56.9685945625858	6791916	2051010	2057116	1340717	1343073	0	0	0	0.398267587526112	47.4823017974979	0.395144757385103
Pleurocapsa_sp_PCC_7327_PCC_7327	GCF_000317025.1	GCGATCGC	6174	476.996642560049	4986817	1368246	1364862	1126953	1126756	0	0	0	1.23806428028139	12.943487331198	0.451933367516795
Pseudanabaena_sp_ABRG5-3_ABRG5-3	GCF_003967015.1	GCGATCGC	8827	559.130571949343	5657972	1633547	1637249	1195328	1191848	0	0	0	1.56009962580232	15.7870101239961	0.421913717494537
Pseudanabaena_sp_PCC_7367_PCC_7367	GCF_000317065.1	GCGATCGC	5962	926.497049796606	4885680	1314560	1312767	1130783	1127570	0	0	0	1.22030096117634	6.43499080899269	0.462239237936173
Richelia_sinica_FACHB-800_FACHB_800	GCF_019056575.1	GCGATCGC	3470	32.08348539867	5729487	1727184	1725871	1136223	1140209	0	0	0	0.605638864352079	108.155331532149	0.397318643012891
Rippkaea_orientalis_PCC_8801_PCC_8801	GCF_000021805.1	GCGATCGC	2995	68.078144131496	4787694	1441767	1442443	952377	951107	0	0	0	0.625562118213904	43.9935611966011	0.397578458439491
Rivularia_sp_PCC_7116_PCC_7116	GCF_000316665.1	GCGATCGC	2237	34.813737974375	8728773	2727467	2725256	1639774	1636276	0	0	0	0.256278860728764	64.2562427983622	0.375316209964447
Scytonema_sp_HK-05_NIES-2130	GCF_002368235.1	GCGATCGC	5565	121.987353852365	9762966	2734130	2737296	2125757	2127192	38591	0	0	0.570011203562524	45.6194828747169	0.437349341217302
Scytonema_sp_NIES-4073_NIES-4073	GCF_002368435.1	GCGATCGC	5368	116.081643204464	9848021	2778377	2774230	2134834	2127936	32644	0	0	0.54508413416259	46.2433150652849	0.434295086169385
Sphaerospermopsis_kisseleviana_NIES-73_NIES-73	GCF_002368075.1	GCGATCGC	2769	29.3012557909635	5609991	1721747	1723262	1036167	1037883	90932	0	0	0.49358367954601	94.5010691607956	0.375797758277272
Sphaerospermopsis_torques-reginae_ITEP-024_ITEP-024	GCF_019598945.1	GCGATCGC	2640	26.5472355915768	5254542	1649207	1637449	983134	984652	100	0	0	0.502422475641074	99.4453825858107	0.374499518692946
Stanieria_cyanosphaera_PCC_7437_PCC_7437	GCF_000317575.1	GCGATCGC	4535	88.2827434186177	5544990	1767264	1769151	1002535	1006040	0	0	0	0.817855397394765	51.3690425148662	0.362232393566084
Stanieria_sp_NIES-3757_NIES-3757	GCF_002355455.1	GCGATCGC	4551	99.5004593917061	5463308	1733122	1735747	998867	995572	0	0	0	0.833011794319486	45.7384822926692	0.365060692166724
Synechococcus_elongatus_PCC_11801_PCC_11801	GCF_003846445.1	GCGATCGC	7384	850.92218709762	2691022	603121	609732	736578	740791	800	0	0	2.74393891986019	8.67764422171881	0.549162485475176
Synechococcus_elongatus_PCC_11802_PCC_11802	GCF_009498715.1	GCGATCGC	7502	856.094142931264	2760484	620957	626474	755804	756749	500	0	0	2.7176393704872	8.76305493028275	0.548029626258703
Synechococcus_elongatus_PCC_6301_PCC_6301	GCF_022984195.1	GCGATCGC	7516	890.89411090756	2749599	613457	611833	762623	761686	0	0	0	2.73348950156005	8.43646838381656	0.554375019775611
Synechococcus_elongatus_PCC_6301_PCC_6301	GCF_000010065.1	GCGATCGC	7356	874.78336642807	2696255	599382	600874	748052	747947	0	0	0	2.72822859855615	8.40893903828572	0.55484329189932
Synechococcus_elongatus_UTEX_2973_UTEX_2973	GCF_000817325.1	GCGATCGC	7500	887.599453742704	2744626	610686	612439	760195	761306	0	0	0	2.73261274942378	8.44975734085353	0.554356404114805
Synechococcus_elongatus_UTEX_3055_UTEX_3055	GCF_003957805.1	GCGATCGC	7692	889.465127213003	2881223	645838	647167	795825	792393	0	0	0	2.66969963796624	8.64789384616085	0.551230501769561
Synechococcus_sp_A10-1-5-1_A10-1-5-1	GCF_023115425.1	GCCATGGC	390	139.591548782989	2404104	459120	457102	742747	745135	0	1.6670925822213e-67	3.72735920721063e-65	0.162222599355103	2.79386541234169	0.618892527111972
Synechococcus_sp_A15-44_A15-44	GCF_014280115.1	GCCATGGC	423	150.56142568375	2621965	514199	513918	797848	796000	0	1.05005572870243e-73	2.51079992018625e-71	0.161329384640909	2.80948455475241	0.607883019033435
Synechococcus_sp_A15-62_A15-62	GCF_014280075.1	GCCATGGC	357	122.359156653873	2294140	459922	459747	686884	687587	0	2.44047460902311e-66	5.36935602159e-64	0.155613868377693	2.91764024665415	0.59912254701108
Synechococcus_sp_CB0101_CB0101	GCF_000179235.2	GCCATGGC	502	180.66999077427	2789647	508762	493841	899563	887458	21	1.55175920806043e-85	3.94318620309496e-83	0.179951083416647	2.77854666316555	0.640595650166474
Synechococcus_sp_CBW1002_CBW1002	GCF_015840915.1	GCCATGGC	693	290.643567164078	3854122	681942	680987	1244917	1246276	0	4.25349536211163e-89	1.10951782051687e-86	0.179807489228416	2.38436379914363	0.646371080105923
Synechococcus_sp_CBW1006_CBW1006	GCF_015840525.1	GCCATGGC	680	273.813425838026	3860130	683558	684133	1244386	1248053	0	1.46603633452501e-94	3.8829663900281e-92	0.176159870263437	2.4834428696066	0.645687839528721
Synechococcus_sp_CBW1107_CBW1107	GCF_015841355.1	GCCATGGC	552	227.015720990014	3202093	537927	542299	1061651	1060216	0	3.83048035793332e-74	9.19101739960698e-72	0.172387247965627	2.43154966357718	0.662650022969352
Synechococcus_sp_CBW1108_CBW1108	GCF_015840335.1	GCCATGGC	609	259.539035540312	3226220	589878	581456	1027471	1027415	0	4.23744359914197e-76	1.02388531933794e-73	0.188765800224411	2.3464678395378	0.636933005188735
Synechococcus_sp_CC9605_CC9605	GCF_000012625.1	GCCATGGC	393	127.61183394466	2510659	512396	511510	742452	744301	0	5.53043557744397e-79	1.38995589636898e-76	0.156532607574346	3.07965168943837	0.592176396714966
Synechococcus_sp_JA-2-3Ba2-13_JA-2-3Ba2-13	GCF_000013225.1	GGGATCCC	4099	626.239781761313	3046682	634896	630988	891491	889305	0	0	0	1.34539804285449	6.54541617984005	0.584503787729594
Synechococcus_sp_JA-3-3Ab_JA-3-3Ab	GCF_000013205.1	GGGATCCC	3401	544.57370881956	2932766	583006	583140	882286	884334	0	0	0	1.15965610621509	6.24525191892231	0.602373322658541
Synechococcus_sp_KORDI-52_KORDI-52	GCF_000737595.1	GCCATGGC	385	137.857056228039	2572069	528371	523984	760568	759146	0	1.27373954926327e-66	2.82041158586707e-64	0.149684942355746	2.79274786894582	0.590852733733037
Synechococcus_sp_LA31_LA31	GCF_018502385.1	GCCATGGC	510	195.554144740424	2752151	504434	507156	868952	871509	100	4.96508108131067e-78	1.24107703346624e-75	0.185309599654961	2.60797336040597	0.63242323634264
Synechococcus_sp_M161_M161	GCF_014279895.1	GCCATGGC	359	123.219104396475	2112236	408113	408039	646320	649764	0	1.48608814447584e-66	3.28006326862769e-64	0.169962068632482	2.91350924646283	0.61360757036619
Synechococcus_sp_Minos11_MINOS11	GCF_014279855.1	GCCATGGC	513	197.787675411393	2284343	451372	451826	692085	689060	0	1.00454761704544e-77	2.4883873057632e-75	0.224572229301817	2.59369042551805	0.604613667912393
Synechococcus_sp_NIES-970_NIES-970	GCF_002356215.1	GCGATCGC	5402	252.299490471245	3123859	794091	785833	771315	772620	0	0	0	1.72927139157049	21.4110618690119	0.494239656783485
Synechococcus_sp_PCC_11901_PCC_11901	GCF_005577135.1	GCGATCGC	5637	239.839572951145	3471813	880885	883001	853793	853856	278	0	0	1.62364735658286	23.5032106279986	0.491900268901221
Synechococcus_sp_PCC_6312_PCC_6312	GCF_000316685.1	CAGGCCTG	1363	208.687010660366	3720499	954376	961506	898021	906596	0	0	0	0.366348707525523	6.53131211035581	0.485047032669542
Synechococcus_sp_PCC_7002_PCC_7002_ATCC_27264	GCF_000019485.1	GCGATCGC	5586	241.646203940907	3409935	865799	866890	838600	838646	0	0	0	1.6381543929723	23.1164401049976	0.491870372895671
Synechococcus_sp_PCC_7003_PCC_7003	GCF_001693255.1	GCGATCGC	5408	226.178311358213	3345085	848666	848580	824647	823192	0	0	0	1.61670032301122	23.9103385621931	0.492614985867325
Synechococcus_sp_PCC_7117_PCC_7117	GCF_001693275.1	GCGATCGC	5578	237.908120593728	3432101	874421	871614	843306	842760	0	0	0	1.62524354615438	23.4460260796455	0.491263514680949
Synechococcus_sp_PCC_73109_PCC_73109	GCF_001521855.1	GCGATCGC	5492	238.931916173784	3298676	835724	835233	813227	814492	0	0	0	1.66491040647824	22.985627403605	0.493446158398097
Synechococcus_sp_PCC_7336_PCC_7336	GCF_000332275.1	GCGATCGC	8312	837.642398326686	5066637	1170631	1174143	1354159	1367004	700	0	0	1.64053592155901	9.92308891790154	0.537149001260774
Synechococcus_sp_PCC_7502_PCC_7502	GCF_000317085.1	GCGATCGC	4848	160.08274515567	3583735	1063040	1064941	729573	726181	0	0	0	1.35277859551557	30.2843382357396	0.406211396769013
Synechococcus_sp_PCC_8807_PCC_8807	GCF_001693295.1	GCGATCGC	5491	243.491446726884	3304088	836277	836562	814829	816420	0	0	0	1.6618806763016	22.5511001466884	0.493706281430761
Synechococcus_sp_PROS-U-1_PROS-U-1	GCF_014279755.1	GCCATGGC	381	128.061932940483	2576003	534992	537111	753790	750110	0	8.43820318734219e-73	1.99686743743345e-70	0.147903554460146	2.97512298347917	0.583811431896624
Synechococcus_sp_RCC307	GCF_000063525.1	GCCATGGC	495	195.579327593037	2224914	436514	434684	677506	676209	1	7.48530838554796e-72	1.74735009038093e-69	0.222480509359013	2.53094233471341	0.608435026448225
Synechococcus_sp_RS9902_RS9902	GCF_014279635.1	GCCATGGC	372	127.32666136852	2481217	494100	504005	739112	744000	0	3.46464883786989e-69	7.97958453414956e-67	0.149926427233088	2.92161905449893	0.59773570792075
Synechococcus_sp_RS9907_RS9907	GCF_014279615.1	GCCATGGC	390	140.287350792009	2581635	513389	509992	779536	778718	0	5.80168980400634e-67	1.29296947140159e-64	0.151067056342202	2.78000830294542	0.603591909778106
Synechocystis_sp_CACIAM_05_CACIAM_05	GCF_010222815.1	GCGATCGC	3200	84.5590694343401	3580992	931784	934495	853736	855130	5839	0	0	0.893607134559362	37.8433682088329	0.477985088716681
Synechocystis_sp_CACIAM_05_CACIAM_05	GCF_010222815.1	GCCATGGC	400	146.306302361934	3580992	931784	934495	853736	855130	5839	8.94655482785506e-67	1.98740500537229e-64	0.11170089181992	2.73399022149078	0.477985088716681
Synechocystis_sp_IPPAS_B-1465_IPPAS_B-1465	GCF_003015225.1	GCGATCGC	3377	86.8306488451433	3950993	1038590	1040715	934089	937599	0	0	0	0.854721838282174	38.8917973654977	0.473725972179652
Synechocystis_sp_IPPAS_B-1465_IPPAS_B-1465	GCF_003015225.1	GCCATGGC	430	151.011842400165	3950993	1038590	1040715	934089	937599	0	1.6337361940685e-76	3.98956061235223e-74	0.108833399603593	2.84745880300265	0.473725972179652
Synechocystis_sp_PCC_6714_PCC_6714	GCF_000478825.2	GCGATCGC	3174	78.3650535614685	3738889	985000	976155	888450	889284	0	0	0	0.848915279378446	40.502747790638	0.47547118943622
Synechocystis_sp_PCC_6714_PCC_6714	GCF_000478825.2	GCCATGGC	388	141.15649679173	3738889	985000	976155	888450	889284	0	2.08104649998126e-65	4.56398682085062e-63	0.103774142532715	2.74872222546353	0.47547118943622
Synechocystis_sp_PCC_6803_PCC_6803	GCF_000009725.1	GCGATCGC	3377	86.7216684734678	3947019	1037565	1039901	933284	936269	0	0	0	0.855582402820964	38.9406714543688	0.473662021895512
Synechocystis_sp_PCC_6803_PCC_6803	GCF_000009725.1	GCCATGGC	431	151.039907664828	3947019	1037565	1039901	933284	936269	0	6.02255786806116e-77	1.48651406819414e-74	0.10919633272604	2.85355047327246	0.473662021895512
Synechocystis_sp_PCC_6803_GT-S	GCF_000270265.1	GCGATCGC	3160	81.8495470500622	3571103	931704	934898	850968	853533	0	0	0	0.884880665721487	38.6074219575977	0.477303791013589
Synechocystis_sp_PCC_6803_GT-S	GCF_000270265.1	GCCATGGC	406	146.924324940327	3571103	931704	934898	850968	853533	0	6.02907828469677e-69	1.36574489143868e-66	0.113690364013583	2.76332731264816	0.477303791013589
Synechocystis_sp_PCC_6803_PCC_6803	GCF_000340785.1	GCGATCGC	3385	86.636147705935	3949306	1038305	1040083	933635	937283	0	0	0	0.85711261674836	39.0714510009095	0.473733359734596
Synechocystis_sp_PCC_6803_PCC_6803	GCF_000340785.1	GCCATGGC	431	151.11909442461	3949306	1038305	1040083	933635	937283	0	6.9763207088675e-77	1.71577624748375e-74	0.109133098321579	2.85205520613423	0.473733359734596
Synechocystis_sp_PCC_6803_PCC_6803_substr_GT-G	GCF_001318385.1	GCGATCGC	3159	81.8418509647649	3569196	931026	934436	850661	853073	0	0	0	0.885073277006923	38.5988337600042	0.477343917229539
Synechocystis_sp_PCC_6803_PCC_6803_substr_GT-G	GCF_001318385.1	GCCATGGC	406	146.91874466553	3569196	931026	934436	850661	853073	0	5.96988234346024e-69	1.36023548497943e-66	0.113751108092691	2.76343226947852	0.477343917229539
Synechocystis_sp_PCC_6803_PCC_6803	GCF_018845095.1	GCGATCGC	3377	86.7231335259384	3947544	1037673	1039698	933299	936874	0	0	0	0.855468615422653	38.9400136122844	0.473756087329236
Synechocystis_sp_PCC_6803_PCC_6803	GCF_018845095.1	GCCATGGC	430	151.064204468193	3947544	1037673	1039698	933299	936874	0	1.79995537229686e-76	4.36451150555814e-74	0.108928488194178	2.84647181318549	0.473756087329236
Synechocystis_sp_PCC_6803_PCC_6803_substr_GT-T	GCF_022869765.1	GCGATCGC	3159	81.8698432839907	3569929	931239	934576	850830	853284	0	0	0	0.884891548263285	38.5856363379375	0.477352350705014
Synechocystis_sp_PCC_6803_PCC_6803_substr_GT-T	GCF_022869765.1	GCCATGGC	406	146.920175051369	3569929	931239	934576	850830	853284	0	5.98500452992517e-69	1.36023548497943e-66	0.113727752008513	2.76340536524712	0.477352350705014
Synechocystis_sp_PCC_6803_substr_GT-I	GCF_000284135.1	GCGATCGC	3159	81.8637269344411	3570004	931251	934596	850852	853305	0	0	0	0.884872958125537	38.5885192171842	0.477354367109953
Synechocystis_sp_PCC_6803_substr_GT-I	GCF_000284135.1	GCCATGGC	406	146.927437439046	3570004	931251	934596	850852	853305	0	6.06231451323548e-69	1.36877123488344e-66	0.113725362772703	2.76326877455023	0.477354367109953
Synechocystis_sp_PCC_6803_substr_PCC-N	GCF_000284215.1	GCGATCGC	3159	81.8660376363151	3570103	931268	934635	850888	853312	0	0	0	0.884848420339693	38.5874300406924	0.477353174404212
Synechocystis_sp_PCC_6803_substr_PCC-N	GCF_000284215.1	GCCATGGC	406	146.912602566569	3570103	931268	934635	850888	853312	0	5.90544091743953e-69	1.35107070876597e-66	0.113722209135143	2.76354780261982	0.477353174404212
Synechocystis_sp_PCC_6803_substr_PCC-P	GCF_000284455.1	GCGATCGC	3159	81.8632513240613	3570114	931273	934640	850889	853312	0	0	0	0.884845694003049	38.5887434093581	0.477351983718167
Synechocystis_sp_PCC_6803_substr_PCC-P	GCF_000284455.1	GCCATGGC	406	146.911276076362	3570114	931273	934640	850889	853312	0	5.89161188322341e-69	1.35107070876597e-66	0.113721858741766	2.76357275522519	0.477351983718167
Synechocystis_sp_PCC_7338_PCC_7338	GCF_018282115.1	GCGATCGC	3111	84.883524941383	3832803	1003500	999660	916199	913444	0	0	0	0.811677511210464	36.6502216083548	0.477364216214608
Synechocystis_sp_PCC_7338_PCC_7338	GCF_018282115.1	GCCATGGC	421	151.447060980885	3832803	1003500	999660	916199	913444	0	4.07120746030221e-72	9.53604185531467e-70	0.109841283259275	2.77984925737937	0.477364216214608
Synechocystis_sp_PCC_7339_PCC_7339	GCF_019924095.1	GCGATCGC	3121	84.6634605669452	3876863	1014678	1016886	924218	921081	0	0	0	0.805032316076168	36.8636006501549	0.475977355918948
Synechocystis_sp_PCC_7339_PCC_7339	GCF_019924095.1	GCCATGGC	421	151.850130454143	3876863	1014678	1016886	924218	921081	0	8.34342995681071e-72	1.94108770454667e-69	0.108592952601111	2.77247045320871	0.475977355918948
Thermoleptolyngbya_sichuanensis_PKUAC-SCTA183_PKUAC-SCTA183	GCF_013177315.1	GCGATCGC	10269	721.878290227856	5525100	1203706	1206525	1559993	1554876	0	0	0	1.85860889395667	14.2253897076731	0.563766990642703
Thermoleptolyngbya_sp_PKUAC-SCTB121_PKUAC-SCTB121	GCF_016919485.1	GCGATCGC	10278	716.761370249378	5490383	1194410	1202985	1541055	1551932	0	0	0	1.87200055078125	14.3395004622306	0.563346411961864
Thermostichus_lividus_PCC_6715_PCC_6715	GCF_002754935.1	GCGATCGC	3482	233.791802416893	2659739	618651	617734	712290	711064	0	0	0	1.30915101068188	14.8935932055948	0.535147997604276
Thermosynechococcus_elongatus_PKUAC-SCTE542_PKUAC-SCTE542	GCF_003555505.1	GCGATCGC	3939	262.616423696188	2650294	617188	621084	704415	707607	0	0	0	1.48625020469427	14.9990619191315	0.532779382211936
Thermosynechococcus_sp_CL-1_CL-1	GCF_008386235.1	GCGATCGC	3880	270.201295308827	2647823	615940	615885	709339	706659	0	0	0	1.46535474614429	14.3596646920783	0.534778193255365
Thermosynechococcus_sp_HN-54_HN-54	GCF_023650955.1	GCGATCGC	3807	253.180277023524	2705963	634173	634630	719679	717481	0	0	0	1.40689285108481	15.0367163064849	0.531108518483069
Thermosynechococcus_sp_NK55a_NK55	GCF_000505665.1	GCGATCGC	3549	229.877300040967	2520064	578938	585049	678152	677825	100	0	0	1.40829756704592	15.4386709752008	0.538093798165371
Thermosynechococcus_sp_TA-1_TA-1	GCF_017086385.1	GCGATCGC	3903	273.684216096528	2658717	614256	619909	712402	712150	0	0	0	1.46800129536164	14.2609612482125	0.535804299592623
Thermosynechococcus_vestitus_BP-1_BP-1	GCF_000011345.1	GCGATCGC	3681	240.934441208533	2593857	598906	596397	698712	699842	0	0	0	1.41912217982718	15.2780149717741	0.53917929939854
Tolypothrix_sp_PCC_7910_PCC_7910	GCF_011769525.1	GCGATCGC	7726	164.578415511052	8761534	2602021	2603489	1777600	1778424	0	0	0	0.881809053072213	46.9441875230667	0.405867739599025
Tolypothrix_tenuis_PCC_7101_NIES-37	GCF_002368295.1	GCGATCGC	8063	167.098901444	9352233	2772345	2771333	1902312	1905441	802	0	0	0.862147040177463	48.2528606132229	0.407183991412651
Trichormus_variabilis_0441_0441	GCF_009856605.1	GCGATCGC	5723	88.4321082029919	7096012	2082473	2075635	1464722	1473182	0	0	0	0.806509346376528	64.716313071075	0.414021847764632
Trichormus_variabilis_ATCC_29413_ATCC_29413	GCF_000204075.1	GCGATCGC	5713	88.1463981954217	7105752	2089422	2073856	1470375	1472099	0	0	0	0.803996536890114	64.8126312244115	0.414097480463714
Trichormus_variabilis_NIES-23_NIES-23	GCF_002368015.1	GCGATCGC	5866	89.5423491249899	7472825	2179077	2191466	1532723	1540555	29004	0	0	0.78497756872401	65.5109013480515	0.412862963792386
Phormidium_sp_ETS-05_ETS-05	GCF_016446395.1	ACGATCGT	219	35.6890855442179	6286783	1585611	1588215	1556273	1556683	1	3.67349902538245e-95	9.8817123782788e-93	0.0348349863515251	6.13632982354407	0.49515889051028
Phormidium_sp_ETS-05_ETS-05	GCF_016446395.1	GCGATCGC	2369	158.63273286118	6286783	1585611	1588215	1556273	1556683	1	0	0	0.376822295282023	14.9338661527891	0.49515889051028
Phormidium_sp_ETS-05_ETS-05	GCF_016446395.1	CCGATCGG	722	131.191524214758	6286783	1585611	1588215	1556273	1556683	1	1.24581533451087e-280	4.20548172528219e-278	0.1148441102548	5.50340431153237	0.49515889051028
cyanobacterium_endosymbiont_of_Epithemia_turgida_isolate_EtSB_Lake_Yunoko	GCF_000829235.1	GCGATCGC	103	5.92253812273153	2794318	929262	931377	467047	466632	0	1.05960950851353e-87	2.73291944547849e-85	0.0368605148018228	17.391192401898	0.334134840773312
cyanobacterium_endosymbiont_of_Rhopalodia_gibberula	GCF_003574135.1	GCGATCGC	108	6.95424242591349	3020309	998535	996853	512859	512062	0	7.05634164950915e-87	1.80642346227434e-84	0.0357579307282798	15.5300884532816	0.339343093703326
